2.511886431509579437e-02 9.997903687526811245e-01 1.826276243982312766e-02 -5.742755298553642822e-05 9.256714294061125364e-03 -2.871979702806340856e-05 9.857758268129239720e-01 9.855691790226200899e-01
3.368741372534613671e-02 9.996850968307724461e-01 1.999763319851646445e-02 -1.982762125914221108e-04 1.515791962804651817e-02 -9.916933373322136831e-05 9.798664198891513522e-01 9.795578761151435554e-01
4.517886753425502666e-02 9.996487726587364175e-01 2.099100349580793057e-02 -2.535187805398512258e-04 1.617543886106104223e-02 -1.268039245576177334e-04 9.743843908142965082e-01 9.740421916990490425e-01
6.059028717131925007e-02 9.988708301034041614e-01 3.400335362655370480e-02 -9.154274609320229260e-04 3.316622835426317334e-02 -4.582310229978631328e-04 9.603413204421540339e-01 9.592573347740294132e-01
8.125885175672914462e-02 9.992976192968359150e-01 2.368840117103465995e-02 -4.439375776673621754e-04 2.903326776412979565e-02 -2.221247903977348684e-04 9.518101082416313696e-01 9.511416690460856582e-01
1.089778790807192782e-01 9.977210732365332513e-01 4.460847649610831522e-02 -1.812934351769047037e-03 5.059107740967343919e-02 -9.085366667654588618e-04 9.384431439010014753e-01 9.363060464307672026e-01
1.461524236705497581e-01 9.946518126828960416e-01 7.558530601265359139e-02 -3.695235853814060958e-03 7.029209253954035730e-02 -1.857543919531754470e-03 9.151713894368840307e-01 9.102831632201199286e-01
1.960079524850565635e-01 9.922410638461341970e-01 8.512008961684762454e-02 -4.298943895551998393e-03 9.051939373689885104e-02 -2.166266421483788000e-03 8.866157047267336777e-01 8.797447668423258316e-01
2.628702040821905839e-01 9.867922964077636694e-01 1.057804934667298941e-01 -1.147926869443966456e-02 1.221461310990583776e-01 -5.816194030339782127e-03 8.638284044226136604e-01 8.524768896212001623e-01
3.525405133726944307e-01 9.770922892439287688e-01 1.344466154046823070e-01 -1.385082463575124968e-02 1.643864975087470648e-01 -7.087302367736426564e-03 8.181543166076628015e-01 7.994925896176884317e-01
4.727991671898396087e-01 9.607979278970854020e-01 1.697110738744683767e-01 -2.733756534707726046e-02 2.175273561507524711e-01 -1.422265332343916264e-02 7.841735963752304306e-01 7.537372837339036957e-01
6.340804645595093936e-01 9.302211896060192942e-01 2.172792184964881523e-01 -5.027498632655497818e-02 2.914630428843131282e-01 -2.699686990185326541e-02 7.258900400818556475e-01 6.762237628220285623e-01
8.503780535945145713e-01 8.798935599226490600e-01 2.765401154989085009e-01 -8.349212653413176644e-02 3.772823247030090976e-01 -4.730281618474527217e-02 6.727137826201371462e-01 5.945753327381612108e-01
1.140459096997344268e+00 7.999770004733692819e-01 3.331388202093844009e-01 -1.406859245134203795e-01 4.788139469845616447e-01 -8.704118864003583533e-02 6.404225689793199283e-01 5.201854661863095641e-01
1.529492613815955249e+00 6.786189409843320641e-01 3.890972281906210917e-01 -2.027537780424691627e-01 5.890420914002533204e-01 -1.451658781752117877e-01 5.903168976220720676e-01 4.180980684363624356e-01
2.051233281295847366e+00 5.234152389951538531e-01 4.367969284043367040e-01 -3.267179225664736397e-01 6.545993660232422018e-01 -2.790133782750240377e-01 5.555307182979818403e-01 3.427710576577617241e-01
2.750950175429895506e+00 3.503953484174539557e-01 4.247672465666958441e-01 -4.752296876513992796e-01 6.862598851938761513e-01 -4.677306506061038593e-01 5.587408248468954675e-01 3.299032934598455369e-01
3.689354563766112705e+00 1.721256114751342214e-01 3.892199192454649515e-01 -6.061256768620195690e-01 6.719317615542694799e-01 -6.470518935832748619e-01 5.597365260043990487e-01 3.526853444937304016e-01
4.947867547275652811e+00 3.042155944084566285e-02 3.478506717211416466e-01 -7.168700091213139336e-01 6.034665101948449850e-01 -7.641925633492553382e-01 5.825871753018776467e-01 4.180151613279939338e-01
6.635684600721276638e+00 -7.897743834350974546e-02 2.882170316978366342e-01 -8.035136740123728361e-01 5.148390841293263298e-01 -8.343858613392884926e-01 6.270467059611647409e-01 5.062685403351827595e-01
8.899249969715576469e+00 -1.629208148509497800e-01 2.283132455321197629e-01 -8.758313951369379735e-01 3.927457667440578670e-01 -8.773563391644138010e-01 6.952991799568674081e-01 6.194112167516336864e-01
1.193496297501455494e+01 -2.099312461559910414e-01 1.700080623008849712e-01 -9.229370426528920035e-01 2.742505167528861976e-01 -8.972254907038460514e-01 7.299183961014430455e-01 6.908761147840142280e-01
1.600621869255357410e+01 -2.345917370475198716e-01 1.299736101911510011e-01 -9.397858314085717479e-01 2.118399599853752480e-01 -9.077098563423284805e-01 7.818102404050123466e-01 7.572794514706409075e-01
2.146626155189551710e+01 -2.470033160882823542e-01 9.452581239402120528e-02 -9.518801215052460352e-01 1.548498205223373947e-01 -9.123432816436198856e-01 8.414777230915889694e-01 8.275138323300236243e-01
2.878883475637887912e+01 -2.568572474332740940e-01 6.498402475933791334e-02 -9.569995774501488528e-01 1.181238321733403679e-01 -9.165074367962590118e-01 8.705783964526601082e-01 8.626302265125509461e-01
3.860928483641360032e+01 -2.606032887136307541e-01 5.321449418772372653e-02 -9.610287070350033156e-01 7.535229110395044727e-02 -9.177997207970931548e-01 9.066883834895551608e-01 9.028222952444776572e-01
5.177968779194934967e+01 -2.634025747198898704e-01 3.866243642622447380e-02 -9.623216950901345434e-01 5.532860742301860812e-02 -9.189840801574447049e-01 9.311329638190642966e-01 9.290094033510151172e-01
6.944277986996243612e+01 -2.654086560285129348e-01 2.738411891852819691e-02 -9.619869967748734263e-01 5.821832505538451774e-02 -9.199978162234359047e-01 9.534440614028095728e-01 9.514687371607272182e-01
9.313110761586760589e+01 -2.658801487222510196e-01 1.101081140945681189e-03 -9.640032123230275474e-01 2.083450656614187647e-03 -9.199569558473288389e-01 9.737319266094387471e-01 9.737292229677541044e-01
1.248999999999999204e+02 -2.662221103761193142e-01 5.763128228073499221e-17 -9.639117116971273047e-01 3.338448250720932451e-16 -9.201339465088747005e-01 9.909999834263040208e-01 9.909999834263042429e-01
