0 0 1
0.001 -3.05016e-06 1
0.002 -1.22007e-05 1
0.003 -2.74516e-05 1
0.004 -4.88035e-05 1
0.005 -7.62563e-05 1
0.006 -0.000109799 1
0.007 -0.000149462 1
0.008 -0.000195182 0.999999
0.009 -0.000247059 0.999999
0.01 -0.000305047 0.999999
0.011 -0.000369122 0.999999
0.012 -0.000439239 0.999998
0.013 -0.000515745 0.999994
0.014 -0.000597932 0.999997
0.015 -0.000686258 0.99999
0.016 -0.000780763 0.999993
0.017 -0.000881271 0.999986
0.018 -0.000988123 0.999983
0.019 -0.00110114 0.999985
0.02 -0.0012198 0.999973
0.021 -0.00134539 0.999971
0.022 -0.00147687 0.999967
0.023 -0.00161407 0.999976
0.024 -0.001758 0.999971
0.025 -0.00190557 0.999953
0.026 -0.00206271 0.999943
0.027 -0.00222471 0.999943
0.028 -0.00239255 0.99993
0.029 -0.00256544 0.999911
0.03 -0.00274678 0.999921
0.031 -0.00293263 0.999891
0.032 -0.00312405 0.999872
0.033 -0.00332214 0.999859
0.034 -0.00352709 0.999848
0.035 -0.00373921 0.999844
0.036 -0.00395545 0.999822
0.037 -0.0041809 0.999811
0.038 -0.00440489 0.999739
0.039 -0.00464198 0.999709
0.04 -0.004883 0.999739
0.041 -0.00513263 0.999709
0.042 -0.00538369 0.999656
0.043 -0.00564382 0.999589
0.044 -0.00590802 0.999552
0.045 -0.00618157 0.99951
0.046 -0.00646087 0.999455
0.047 -0.00674626 0.99946
0.048 -0.00702912 0.999366
0.049 -0.00732987 0.99941
0.05 -0.00763428 0.999296
0.051 -0.00794089 0.999205
0.052 -0.00825335 0.999096
0.053 -0.00857716 0.999097
0.054 -0.00889719 0.998969
0.055 -0.00923265 0.999042
0.056 -0.00957247 0.998929
0.057 -0.00991874 0.99875
0.058 -0.0102723 0.998649
0.059 -0.0106324 0.998686
0.06 -0.0109976 0.998552
0.061 -0.0113618 0.998399
0.062 -0.0117344 0.998227
0.063 -0.0121294 0.998244
0.064 -0.0125125 0.998143
0.065 -0.0129114 0.997921
0.066 -0.0133121 0.997844
0.067 -0.013714 0.997729
0.068 -0.0141273 0.997453
0.069 -0.0145487 0.997342
0.07 -0.0149755 0.997298
0.071 -0.0154065 0.997071
0.072 -0.0158477 0.996845
0.073 -0.0162844 0.996706
0.074 -0.0167317 0.996657
0.075 -0.0171907 0.996603
0.076 -0.0176545 0.996307
0.077 -0.0181214 0.995833
0.078 -0.0186003 0.995879
0.079 -0.0190862 0.995425
0.08 -0.0195662 0.995352
0.081 -0.0200676 0.995099
0.082 -0.020558 0.994844
0.083 -0.0210582 0.994512
0.084 -0.0215669 0.994345
0.085 -0.0220926 0.99401
0.086 -0.0226218 0.9938
0.087 -0.0231536 0.993268
0.088 -0.0236896 0.993297
0.089 -0.02425 0.992993
0.09 -0.0247956 0.992494
0.091 -0.0253182 0.992116
0.092 -0.0259032 0.991996
0.093 -0.0264645 0.991535
0.094 -0.0270368 0.991031
0.095 -0.0276212 0.990455
0.096 -0.0282141 0.990372
0.097 -0.0287991 0.989782
0.098 -0.0293918 0.989289
0.099 -0.0300149 0.989197
0.1 -0.0306415 0.988482
0.101 -0.0312418 0.988224
0.102 -0.0318444 0.987708
0.103 -0.0324884 0.986876
0.104 -0.0331342 0.986707
0.105 -0.0337764 0.986094
0.106 -0.0344311 0.985369
0.107 -0.0350745 0.984953
0.108 -0.0357236 0.984456
0.109 -0.0364049 0.983773
0.11 -0.0370773 0.983405
0.111 -0.0377488 0.982049
0.112 -0.0384399 0.981889
0.113 -0.0391438 0.980884
0.114 -0.0398293 0.980483
0.115 -0.0405439 0.979632
0.116 -0.0412761 0.978952
0.117 -0.041963 0.978461
0.118 -0.0427213 0.977843
0.119 -0.0434238 0.977172
0.12 -0.0441705 0.97599
0.121 -0.0449182 0.975648
0.122 -0.0456071 0.974606
0.123 -0.0464002 0.973966
0.124 -0.0471912 0.973011
0.125 -0.0479502 0.971916
0.126 -0.0487222 0.971329
0.127 -0.0494666 0.97041
0.128 -0.0502425 0.969501
0.129 -0.0511021 0.968824
0.13 -0.0518575 0.966548
0.131 -0.0526911 0.966048
0.132 -0.0535109 0.965553
0.133 -0.0543076 0.964158
0.134 -0.0551603 0.963426
0.135 -0.0559637 0.961719
0.136 -0.0568445 0.961387
0.137 -0.0576656 0.959973
0.138 -0.0585295 0.959388
0.139 -0.0593589 0.957353
0.14 -0.0602633 0.956425
0.141 -0.0610958 0.954467
0.142 -0.0619707 0.953537
0.143 -0.0628555 0.952147
0.144 -0.063697 0.951576
0.145 -0.0646837 0.950146
0.146 -0.0655332 0.948594
0.147 -0.0664416 0.947053
0.148 -0.0673402 0.945434
0.149 -0.068284 0.943354
0.15 -0.069232 0.942033
0.151 -0.0701134 0.940425
0.152 -0.0710796 0.939605
0.153 -0.0720254 0.938211
0.154 -0.073004 0.936957
0.155 -0.0739389 0.934146
0.156 -0.0748695 0.933482
0.157 -0.0757946 0.930745
0.158 -0.0768402 0.930224
0.159 -0.0777844 0.927842
0.16 -0.0788479 0.926514
0.161 -0.0797936 0.923988
0.162 -0.0807638 0.922881
0.163 -0.0818319 0.919589
0.164 -0.082793 0.917505
0.165 -0.0838954 0.916937
0.166 -0.0849033 0.915575
0.167 -0.0858954 0.912825
0.168 -0.0869577 0.909758
0.169 -0.088009 0.908425
0.17 -0.0890374 0.90614
0.171 -0.090097 0.904623
0.172 -0.0910568 0.902015
0.173 -0.0922125 0.89996
0.174 -0.093279 0.897338
0.175 -0.0945004 0.896136
0.176 -0.0954344 0.893033
0.177 -0.0966031 0.892102
0.178 -0.0977669 0.888423
0.179 -0.0988256 0.885624
0.18 -0.0998337 0.88347
0.181 -0.101006 0.881966
0.182 -0.102163 0.878096
0.183 -0.103344 0.875488
0.184 -0.104491 0.873989
0.185 -0.105566 0.871195
0.186 -0.106705 0.867348
0.187 -0.107864 0.865169
0.188 -0.109181 0.862305
0.189 -0.110094 0.858976
0.19 -0.111381 0.857315
0.191 -0.112483 0.854525
0.192 -0.113602 0.851407
0.193 -0.115036 0.849688
0.194 -0.116229 0.845635
0.195 -0.117301 0.842018
0.196 -0.11849 0.839683
0.197 -0.119841 0.836498
0.198 -0.120994 0.834201
0.199 -0.122213 0.831243
0.2 -0.123481 0.82736
0.201 -0.124637 0.823438
0.202 -0.12584 0.820742
0.203 -0.127076 0.816092
0.204 -0.128296 0.813265
0.205 -0.129594 0.810394
0.206 -0.131026 0.806744
0.207 -0.132302 0.80466
0.208 -0.133733 0.799631
0.209 -0.134771 0.796861
0.21 -0.136006 0.792045
0.211 -0.137336 0.789446
0.212 -0.138575 0.787164
0.213 -0.139896 0.781833
0.214 -0.141279 0.777678
0.215 -0.142598 0.774363
0.216 -0.143816 0.769547
0.217 -0.145213 0.767045
0.218 -0.146676 0.763862
0.219 -0.147874 0.759776
0.22 -0.149308 0.755138
0.221 -0.150493 0.752697
0.222 -0.151902 0.747703
0.223 -0.15329 0.740758
0.224 -0.154579 0.738716
0.225 -0.155943 0.734455
0.226 -0.157319 0.731569
0.227 -0.158959 0.725983
0.228 -0.160102 0.723753
0.229 -0.161537 0.720418
0.23 -0.163 0.713109
0.231 -0.164257 0.710095
0.232 -0.165613 0.703793
0.233 -0.166991 0.70082
0.234 -0.16858 0.696246
0.235 -0.169848 0.69104
0.236 -0.171455 0.687856
0.237 -0.172603 0.681122
0.238 -0.174215 0.676043
0.239 -0.175593 0.673111
0.24 -0.177218 0.669323
0.241 -0.178702 0.662082
0.242 -0.180042 0.657212
0.243 -0.18123 0.652015
0.244 -0.182806 0.648475
0.245 -0.184079 0.644561
0.246 -0.185636 0.639686
0.247 -0.187259 0.633468
0.248 -0.188908 0.630599
0.249 -0.19028 0.624054
0.25 -0.191843 0.619367
0.251 -0.193332 0.613499
0.252 -0.194608 0.608471
0.253 -0.195983 0.602887
0.254 -0.197781 0.597111
0.255 -0.19886 0.593891
0.256 -0.200581 0.587899
0.257 -0.202385 0.582145
0.258 -0.203622 0.573678
0.259 -0.205058 0.57014
0.26 -0.206326 0.563912
0.261 -0.207825 0.559082
0.262 -0.209371 0.552435
0.263 -0.210985 0.548086
0.264 -0.21237 0.541332
0.265 -0.213992 0.535482
0.266 -0.215493 0.531839
0.267 -0.217385 0.525731
0.268 -0.218873 0.518679
0.269 -0.22001 0.513663
0.27 -0.221923 0.505768
0.271 -0.223338 0.498575
0.272 -0.224845 0.495586
0.273 -0.226322 0.488475
0.274 -0.228267 0.484823
0.275 -0.229725 0.478239
0.276 -0.231147 0.470556
0.277 -0.232756 0.465391
0.278 -0.233844 0.458264
0.279 -0.235704 0.453251
0.28 -0.237206 0.44519
0.281 -0.238631 0.439697
0.282 -0.240451 0.434003
0.283 -0.241834 0.426584
0.284 -0.244093 0.419475
0.285 -0.245426 0.411942
0.286 -0.247554 0.405383
0.287 -0.24859 0.399264
0.288 -0.249798 0.393185
0.289 -0.251829 0.385371
0.29 -0.254025 0.381215
0.291 -0.255042 0.368854
0.292 -0.257032 0.365013
0.293 -0.25885 0.358556
0.294 -0.259967 0.351572
0.295 -0.261752 0.344275
0.296 -0.262731 0.337296
0.297 -0.265164 0.332717
0.298 -0.266256 0.323937
0.299 -0.26828 0.315286
0.3 -0.269618 0.309105
0.301 -0.272497 0.30132
0.302 -0.273298 0.297218
0.303 -0.275089 0.288119
0.304 -0.277695 0.285408
0.305 -0.279099 0.273256
0.306 -0.281222 0.264999
0.307 -0.282573 0.258947
0.308 -0.285011 0.252274
0.309 -0.287215 0.244027
0.31 -0.288823 0.237575
0.311 -0.289902 0.230273
0.312 -0.292402 0.222611
0.313 -0.295548 0.21445
0.314 -0.296124 0.205985
0.315 -0.298772 0.199907
0.316 -0.299261 0.191502
0.317 -0.30277 0.183846
0.318 -0.304266 0.175897
0.319 -0.30798 0.165448
0.32 -0.308887 0.162175
0.321 -0.311092 0.151447
0.322 -0.317233 0.145792
0.323 -0.316453 0.138987
0.324 -0.320498 0.130267
0.325 -0.324285 0.121735
0.326 -0.328574 0.114388
0.327 -0.330748 0.104568
0.328 -0.331045 0.0961078
0.329 -0.339773 0.0899781
0.33 -0.343523 0.0840959
0.331 -0.350623 0.0726483
0.332 -0.355243 0.0673708
0.333 -0.367085 0.0585557
0.334 -0.372824 0.0505106
0.335 -0.39276 0.0470408
0.336 -0.399858 0.0363535
0.337 -0.432131 0.0317551
0.338 -0.465803 0.0263672
0.339 -0.52565 0.0222511
0.34 -0.605364 0.0211662
0.341 -0.646978 0.0242765
0.342 -0.69063 0.0298892
0.343 -0.711115 0.035454
0.344 -0.740167 0.0432867
0.345 -0.759582 0.0528306
0.346 -0.763167 0.0574751
0.347 -0.773214 0.067369
0.348 -0.779483 0.0741109
0.349 -0.78376 0.0804227
0.35 -0.795378 0.0928414
0.351 -0.793057 0.0983747
0.352 -0.800614 0.110552
0.353 -0.805326 0.119318
0.354 -0.807481 0.1261
0.355 -0.808522 0.133421
0.356 -0.816121 0.145157
0.357 -0.815585 0.151732
0.358 -0.818715 0.159701
0.359 -0.823262 0.170978
0.36 -0.822971 0.177233
0.361 -0.825793 0.185819
0.362 -0.827967 0.192956
0.363 -0.828819 0.200756
0.364 -0.831463 0.211455
0.365 -0.833626 0.220591
0.366 -0.83608 0.228689
0.367 -0.837559 0.238883
0.368 -0.839488 0.24626
0.369 -0.842332 0.256919
0.37 -0.843183 0.262368
0.371 -0.843413 0.272223
0.372 -0.846333 0.281584
0.373 -0.847183 0.290807
0.374 -0.848237 0.29746
0.375 -0.852003 0.3099
0.376 -0.85189 0.314939
0.377 -0.854555 0.326263
0.378 -0.855643 0.33535
0.379 -0.85681 0.340007
0.38 -0.857912 0.349986
0.381 -0.859851 0.359862
0.382 -0.861709 0.368025
0.383 -0.86279 0.376177
0.384 -0.865639 0.38805
0.385 -0.866751 0.392739
0.386 -0.867487 0.402368
0.387 -0.868576 0.411854
0.388 -0.870977 0.421228
0.389 -0.872322 0.429748
0.39 -0.872953 0.435919
0.391 -0.874254 0.446252
0.392 -0.8765 0.455686
0.393 -0.876673 0.461335
0.394 -0.878116 0.472521
0.395 -0.879714 0.47903
0.396 -0.881381 0.488158
0.397 -0.88219 0.495753
0.398 -0.884093 0.506428
0.399 -0.884871 0.51152
0.4 -0.886229 0.52079
0.401 -0.887618 0.529962
0.402 -0.889287 0.537744
0.403 -0.889941 0.54656
0.404 -0.89155 0.553284
0.405 -0.892841 0.560772
0.406 -0.894211 0.569956
0.407 -0.895347 0.576727
0.408 -0.896406 0.585748
0.409 -0.897853 0.59298
0.41 -0.899482 0.601559
0.411 -0.899939 0.609413
0.412 -0.901944 0.617079
0.413 -0.902855 0.625356
0.414 -0.903941 0.632126
0.415 -0.905469 0.6407
0.416 -0.906744 0.648734
0.417 -0.907811 0.655731
0.418 -0.908975 0.661119
0.419 -0.909734 0.669145
0.42 -0.911519 0.678713
0.421 -0.912179 0.684395
0.422 -0.913564 0.692087
0.423 -0.914868 0.699877
0.424 -0.916427 0.706847
0.425 -0.917127 0.71188
0.426 -0.918521 0.718732
0.427 -0.919669 0.727343
0.428 -0.920935 0.734892
0.429 -0.922623 0.741387
0.43 -0.923185 0.748827
0.431 -0.924375 0.754732
0.432 -0.925562 0.760795
0.433 -0.926404 0.767224
0.434 -0.927969 0.773796
0.435 -0.928573 0.780829
0.436 -0.930148 0.786888
0.437 -0.931667 0.793134
0.438 -0.932742 0.799418
0.439 -0.933451 0.805022
0.44 -0.934549 0.81093
0.441 -0.935534 0.817596
0.442 -0.936892 0.823368
0.443 -0.937859 0.828484
0.444 -0.939146 0.834004
0.445 -0.940223 0.840469
0.446 -0.941436 0.845637
0.447 -0.942261 0.850909
0.448 -0.943679 0.856223
0.449 -0.944729 0.861071
0.45 -0.945764 0.866021
0.451 -0.947147 0.871819
0.452 -0.947968 0.876784
0.453 -0.949006 0.881472
0.454 -0.950451 0.886965
0.455 -0.951413 0.891578
0.456 -0.952371 0.895733
0.457 -0.953648 0.900535
0.458 -0.954657 0.904836
0.459 -0.955813 0.909316
0.46 -0.956852 0.913627
0.461 -0.957893 0.9178
0.462 -0.959112 0.92175
0.463 -0.96006 0.92529
0.464 -0.961018 0.929347
0.465 -0.962352 0.933485
0.466 -0.963508 0.937258
0.467 -0.964383 0.940395
0.468 -0.965536 0.94419
0.469 -0.966677 0.947641
0.47 -0.96767 0.950944
0.471 -0.968983 0.953994
0.472 -0.97002 0.9571
0.473 -0.971203 0.960229
0.474 -0.972133 0.963123
0.475 -0.973203 0.965812
0.476 -0.974371 0.968442
0.477 -0.975378 0.971026
0.478 -0.976498 0.973501
0.479 -0.977377 0.975653
0.48 -0.978664 0.978094
0.481 -0.979632 0.980208
0.482 -0.980742 0.98221
0.483 -0.981832 0.98412
0.484 -0.982856 0.985829
0.485 -0.98393 0.987612
0.486 -0.985035 0.989191
0.487 -0.986076 0.990685
0.488 -0.987133 0.992032
0.489 -0.988254 0.993295
0.49 -0.989307 0.994464
0.491 -0.990362 0.995531
0.492 -0.991467 0.996467
0.493 -0.99255 0.997302
0.494 -0.993588 0.997999
0.495 -0.994652 0.998614
0.496 -0.995726 0.999112
0.497 -0.996811 0.999503
0.498 -0.997872 0.999779
0.499 -0.998933 0.999945
0.5 -1 1
